111111111111111111111111111111
100000000000000000000000000001
101111111111000000000000000001
101000000001000000000000000001
101000000001000000000000000001
101000000001022222222222200001
101400000001022222222222000001
101000000001002222200000000001
101000000000002222200111111001
101000000001002222200100001001
101000000001002222000100001001
101000000001002220000100001001
101000000001002220000100001001
101000000001002220000100001001
101000000001000222000100001301
101000000001002222000100001000
101000000001002222000100001000
101111111111002222000100001000
100000000000002200000100001001
100000000000000000000100001001
100000000000000000000100001001
100000000000000000000100001001
100000000000000000000100001001
100000000000000000000100001001
100000000000000000000100001001
100000000000000000000111111001
100000000000000000000000000001
100000000000000000000000000001
111111111111111111111111111111
000000000000000000000000000000